$ANSIBLE_VAULT;1.1;AES256
38613935666431306638363338333465343231356464383465383738333530373037623732633335
3561326165633039343063393763333432616262366635310a666538333563353063323363373064
38306130663037303161653939303962613233623066396364393439393034393461363965346133
3866653561666166640a313735303331646665633838633534316264303862366466633764666664
33373233363365333161336134656632373162613235343631323137383262333531626564653336
61356331633665383434306664303232353134373437356130666434623430353037663438343634
65666463636562656634616533383131623266353039383333666165383063303863616530616165
30356337663134613337326466376237633465343962303538333633393330663032313766383638
62636330633137663762393736376561323430363832343166393739343462613435383761666631
34633066653639373833306437306161643230383166663861343061396437656465636137313561
62666232346233326334643832363363333431373563376662643666396637633261373933633032
31663361376432383165373430376530396632663231653837623638373332303861633262373032
38653564306162653565336666613666323533653732646631663462356537366437323365623363
34613538343566663137333934386466626437303039396366383632363566356437623563323232
31346336653564636265326663323661386263356237323964376661613965326562323732623664
31346565363837346134663466646666336231306532366165346436356230323431636466626361
34303338353761623838346537356236643764336438386632643435663365656365356363663634
39643935623561636534653439323066313164303966356361346632613464633235626133633332
62616361346466303533653366393135633337383734333365613431303336313935626639613437
35346237363333633562306239356132343934633339323230303162383839613733333730323334
37316166326330656236303939366135306265656132343731343239343438353838323030636634
32376463393737376638333330643761353963643662633538323731396133313432316339353439
62656161346539343539383262383132363838316264653264626536376636643163623831383731
37303764643038636238653030613432333139616630633862643662363639663861643437326537
37353131386165646232356663663438303735643233366166656636633938663039356139336363
32306365346531383234356362363766616461363330303163656665343539346631393531313333
66623836333563653062613165306435313737623064633964656438373331633534396265313135
30643033653339653530326430356139623236326361316463616462303630366530313766373631
33653237623833363732626538643335316166386565373435383333306364356639643837613034
34633964616137373036323631373664343937613732393439386132323964313536646530666637
39353964383135666637353163656663626636376265653335633132373737323636643837636337
36336434663333323939663839663564653866613630363232663133306364633131373437646161
37346433363066373531623036623334623161666263386466366461326161646335623639313162
36653430656233666638306134616464356263613938636565306130303332316532346233386563
38643363386538616462643930363264383435613030353134636237346661373465646666653835
61623630396463306261343465363534306462656464646633323734353230623234323266323964
34373633386531373465363433393631643435373531353731613261653637653030623862346163
39356631643863323036656366396637333664326663383063663539666566633631616238616431
37353365613134303830626333353236366461613837393839653762653063336262353339376661
36343439326565353733336136343631643265393336663735313435616665326332636561376533
33656135363164653166363861343164643965396232366566373665646437323834623134383163
30633038656230633739343639323432623736306164356236303039623364353735626162383461
36656563393335323665383235366365343137313438666438633932336533343836383365366536
32643432306230373765323863393365633936373365653666646638393036666265323337363638
64343663356132383739616261636537626430323638313861306134306134333732396536313134
32343036633963333431623234383537376339646334666165383833323139636365383237303866
33663962616562343232303236353165323634316563633230613862373064353663633561636363
63376365376263636532363432366433356566386638623565666265343336643036343130363764
66363732333432613934343638653934366637373962333266653364376130663834623332333836
64656634383032323461303538633663643466356463333235303866616138646138643133336336
39363335336466353166613038313134303265613630393766313138666136336238303064636165
38303762323039613661636634626531303765356438366163363466383031653834646664356332
65303637323130643562386164373861643939316165386435633230633733626463643634323337
37376566363664613838353237323165663537396331333439396562626539356437393865376638
36333632646532323861386331643035383631333631346433623733646361303161613936343436
38346130613661303264353736363632643238666361643330643030383532353438323562313166
34626133393866643836373336373934386263646561653862653364346666363366333632343634
63343064373964346263616336313839663564393431626566376330336361376162376138623237
30376431656364356631346664353363326662653564316461646462303030363237643861616634
66363136653464646130623332363161333639613535343561633036303637613161386666633934
64376463373839343730393136656637613332363036383533643863666232343338393536623336
36303136623366363930333833646136636638363634613064633239393066646563613262376330
61323937666232666664306161383135316163623163313961336461306632313839663331663132
35666330306465623966633666366663646339333533373461306661643432643439666433396434
63663238666464313334613030656533663938383732333339636361656262366362383031303734
30303838323362636261623966343466303563656435626530663265633938623064343930373166
64633035393135353830646132393635386537393866366165623865623139653338343231653663
63343865323836313831356430356336343066656134333332373035363162316566366165623935
37643837303461356538613130363137636230323032326131356136376633636464393339376664
36646664363637343630393130306438373961656664616237643238643732303534643431623161
31396434393763336366323033313338333436663764666563313063643539613062353833636261
63613965323263626663363838353262656334326231303938366238613035623362663362356165
61653464383531346331323332353264373263353935623262613063633831653137393639613464
30656661396438333261376532346335383538313238333635356432646362376530383562316430
33663138663834366562393539666230356237613932353764613063376363313630613132656631
62373337616233653963396430353336333534306335303930303631373363643961356531623039
63353931396565656564616661613130376666326364646435616437393834653335646537386138
37376162656534616363353665313661323263343231376234356137353833626666636661336364
63343837343632306537653663353037663839313661373765396430393264343866366132323662
31363639396363356161646131643733386166663633643061373664656263393936313930333764
35336561343731626331383538633436313135633765623064316633363165303365633033356163
65343234663965363130376266616164353632356362313535376535636663396432313766633735
30393834613966356433663564623938623634626366633463316237313562633838613838393231
62613064386166616232313235383263303862336561653363363139363037306630616638383765
31376562643234613634653835646435613338313737656635353166353238643663656233663633
39633434376332316534393731646465623862646639623230653062336263663664373232663662
34636630643536303965626533383236346661386635643433613133396634336231323232643864
37663030396631323161366135333630333364336136383635343666346332316532396465613332
33303166306234636138663162383137653864313265396336383263333735653362323135663838
63383262646563393432313363666434386436336638396561653061653561353063336131626537
36616463396436643265373630383966353963346462633931376562613730316536333832323435
31383239613631663763376466663965653831633230396234303433386234656431306663663966
34303835356433363537393461353465333262396230666531646566646635643836396661666132
30366539366237333035356131336236663435333665643031306662646531393062383336326131
33633362396539316265343366663065323035643830623038646139323661623232663961353033
31373733313931383466373932366262353162663965396134333932346161316135333962316139
64363134636333333030393963323832656165613632393130353161383062343931646537336630
31616231383333663161643537333038363433316432336365303131633037626137626232646135
66396631373134363338316265616638363238363833636137616462333435313936376264633735
63366363373766633538646338383438396139313137393565366431623039656561366634303262
31366264336564356565623637316237333733316535326465663633366163383734616262396133
37383430316636623166363735393163323266663436643330343564333462393830303333303366
39613434306537393364613339383435666337623463616430313535663137633462646532623630
30346537376162356461323865313939363438666439643738643862396331363931626635316365
62373333336635396561343966646238326530613237363538353962356561306364653865356335
36633238613436613934616362373739376561393262633931386166363034373661626433353361
33653033646138393366346438623963653637343032316637626530623134316564663863303431
35626436623233636464346663383966373639306138316537373734663439656362316136353837
61646562656538613038373933336532656131363039336162313466333037396132363239666238
30303362633062623263653564616539636337616135646432313262636434356539343133626130
39343439646230393935303932363366636330623830316338346362336232653838316263303339
32343530393134313062316138326338663234666130346338316438646262623261623837363233
32353135366130326562366431313435653935303635656264616464346538626134636138643430
37373031333366646536383564326265643837373030343464626362663137643639383266666232
65633339653665373536353030393463363831343265646663386236323837393435313837646630
61386361656536353335313137633030653266626239353932663338393463303530636235383064
31646339343338336532366331643437663666626566633362383665333034333430373334336530
61353338356330646238656639656534306235643461336366326630356637306362666334336634
61316632333033333239626635656437633639373734343830613763616636346363643535313038
64313033386636386261336632303364663338376261353033386635303236333932643261353264
62346661373135666539316566373830623864386562393838316237396133366166373739653131
66376230353965376232396133626163333732386230306635663238316133323631373539323431
65383165613463363231613936333434653137306566386135356666616433633466306464363735
62346136666433353036313336376561313832306263393039386263656532666265326435636231
64363236653535303031386334336138393661396662303934356636616139666537666231333962
64633937373933356538633835396361343261343936616364323731666338666636383466623134
34656631643538393830626435363032353266363736663266306636343862306163666333623433
61373365393665623632623465636133313536393461393439613932623334326238643464386238
66366264343036393630363964633437336434333731363538376266353938633861326661373532
62363437383839653062313932353739643263373636613536393834306334626562333636633062
31346630663736653463383865396634633634613236376331313837663233356636613334636533
35663631323466356432643463656530356337333334313266353864376364303939626663393136
65326430626665303639333433636439383634346362613665613030653939646661346638326530
31333466393363313836663736303061326262366538653739333063376236613764346337376636
61356232363163316232663765336232393666353836333537393431643132373935373135613833
36616164336638323666363464393535626236623931383066653632303963616164633139353366
34393837666135343234333733666333383137393632326664323662666535636439306136383335
61653039363361373331356364383831663561393563396561663936346362336565633431663836
65383433333438626433313630646235313339666139353636366662383738656436346362613731
38643531616531653133383834366432303134396339653735633762333938323335333137356433
65353134376466633532366538636435656535643439356461393131636633616262396163613738
30363336626239633136343930343935323966663564303034613862636466616437373030306433
393961343464613337383464396438663931
